0.066698 70
1.317838 1
0.095738 1
0.647507 1
0.087419 1
0.647290 1
0.883856 1
0.095465 1
0.838764 2
0.000115 422
0.000078 344
0.000070 19
0.000047 11
0.000047 185
0.000047 217
0.000047 267
0.000045 199
0.000047 260
0.000045 359
0.000045 415
0.000046 457
0.000045 257
0.000045 246
0.000047 382
0.000387 1968
4.988326 1
1.095748 1
0.198360 1
0.463273 1
9.907986 144
0.245379 72
2.790538 40
0.541696 71
1.553958 4
0.500778 4
0.031856 4
0.031664 4
0.033315 4
0.030408 4
0.032225 4
0.031001 1
0.031362 1
0.031785 1
0.030509 1
0.030397 1
0.031482 1
0.031462 1
0.031497 1
0.031398 1
0.035433 1
0.029689 1
0.031563 1
0.031981 1
0.031810 1
0.030620 1
0.031660 1
0.032404 1
0.031521 1
0.694630 1
1.785591 1
0.112887 1
0.544584 1
0.847363 117
2.621153 1
0.711423 1
0.124492 1
2.652773 1
20.233939 172
2.835681 1
1.437762 1
0.085245 1
3.887427 1
0.865587 1
0.117531 1
1.076915 172
2.494153 6
