0.051147 70
4.050402 1
0.184573 1
0.298832 1
0.256749 1
0.822313 1
1.082497 1
3.392085 1
2.700003 1
0.742480 1
0.307422 1
0.817998 1
0.179550 1
2.185527 1
0.587635 1
0.501802 1
0.476697 1
2.623956 1
2.112799 1
3.671297 1
1.653599 1
0.904919 1
1.679268 1
1.493578 1
2.088806 1
0.980993 1
7.133591 1
1.835702 1
1.615447 1
0.827708 1
0.199913 1
0.677742 1
1.620393 1
0.105931 1
0.388151 1
0.189555 1
0.104961 1
0.617029 1
0.397536 1
0.246591 1
0.264765 1
1.645134 1
0.141117 1
0.737639 1
0.363906 1
1.932290 1
1.420319 1
2.532166 1
2.680579 1
1.910319 1
0.919735 1
2.441741 1
0.956565 1
2.090872 1
4.968423 2
0.002433 47
0.000736 70
16.104202 1
0.095523 1
0.550163 1
0.346076 1
0.566726 1
0.136272 1
0.144326 1
0.172907 1
0.171686 1
0.187555 1
0.130657 1
0.813209 2
0.002502 201
0.000803 70
7.773627 11
2.147882 2
0.002224 201
0.000600 70
1.069127 11
0.336511 4
0.173759 4
0.849322 1
0.203467 1
1.135444 2
0.000659 192
0.000344 70
1.997847 6
