0.052295 70
0.784668 76
1.017476 231
1.336283 270
0.581117 59
3.393931 142
0.679103 168
0.374184 95
0.187731 313
0.635075 116
0.559595 59
6.480503 122
1.803111 59
0.222999 155
0.606172 231
0.540261 270
0.248922 59
0.475794 116
2.080223 89
0.788111 26
3.157782 59
1.044409 155
6.094227 134
7.401166 1
0.484642 1
0.111331 1
1.166341 1
0.206025 1
1.260560 1
1.391837 1
0.206025 1
1.250853 1
0.149162 1
0.870443 1
2.524831 3
1.116026 3
0.929274 3
0.576129 3
0.177168 3
2.235493 3
1.007778 3
2.033624 3
1.116951 3
0.728029 3
0.213210 3
2.058595 3
0.453249 3
0.570963 3
0.729187 3
0.175416 3
3.152607 3
1.273838 3
0.379514 3
1.443072 3
0.502059 3
0.313618 3
0.140297 3
1.057355 3
1.272460 3
1.388188 3
0.642123 3
0.876724 3
0.872115 3
0.431588 3
2.404154 3
0.687890 3
0.194828 3
2.497092 3
0.639390 3
0.662088 3
0.121820 3
0.861629 3
0.818389 3
0.862507 3
1.308722 3
3.746720 7
0.577483 3
6.385524 3
0.972185 3
1.395144 3
2.341648 3
4.936679 3
13.402037 3
0.153675 3
1.610193 3
3.015659 254
0.763547 3
3.229709 3
0.651719 3
0.142325 3
1.290202 3
0.710467 3
1.551914 3
2.200842 3
2.398728 3
0.599085 3
2.535815 3
0.393141 3
0.273151 3
0.217794 3
0.169632 3
0.619126 3
0.255523 3
0.402699 3
0.247486 3
0.112500 3
2.997667 3
1.368440 3
1.364561 3
0.661438 3
1.275005 3
1.802940 3
1.361213 3
1.515963 3
1.278085 3
0.144006 3
1.277027 3
1.920226 3
1.915263 3
3.600861 3
1.141297 3
0.138260 3
1.748939 3
0.203156 3
1.652020 3
4.841965 3
1.025821 3
1.041647 3
0.565572 3
0.522967 3
0.280603 3
0.737925 3
0.496373 3
9.472579 3
0.176544 3
4.978320 3
1.844351 3
0.700688 3
1.809181 3
0.450504 3
8.039398 3
4.669434 3
0.146020 3
0.443684 3
15.245732 3
3.544791 3
0.678199 3
1.298540 3
0.180462 3
1.314173 3
11.195160 3
1.220347 3
1.179242 3
0.401572 3
0.217316 3
0.845956 3
0.238500 3
1.989140 181
47.547917 6
