0.060366 70
4.145682 1
0.382490 1
0.177808 1
0.195220 1
0.777224 1
0.159177 1
0.326420 1
0.581157 1
0.482661 1
0.322813 1
0.885194 2
0.774701 25
0.361431 131
0.000327 2
0.000133 3
0.000115 2
0.000116 15
0.000112 2
0.000111 40
0.000111 2
0.000110 3
0.000442 2
0.000161 19
0.000115 2
0.000111 63
0.000110 2
0.000177 40
0.000134 2
0.000112 3
0.000109 2
0.000112 22
0.000115 2
0.000114 80
0.000112 2
0.000174 3
0.000133 2
0.000113 51
0.000125 2
0.000096 3
0.000100 2
0.000098 27
0.000097 2
0.000098 52
0.000168 2
0.000107 3
0.000098 2
0.000099 80
0.000098 2
0.000096 3
0.000099 2
0.000098 29
0.000096 2
0.000205 3
0.000218 2
0.000113 26
0.000099 2
0.000098 3
0.000098 2
0.000099 28
0.000096 2
0.000157 3
0.000117 2
0.000098 26
0.000098 2
0.000097 3
0.000097 2
0.000097 42
0.000101 2
0.000098 3
0.000097 2
0.000171 23
0.000101 2
0.000097 3
0.000097 2
0.000097 26
0.000096 2
0.000097 3
0.000097 2
0.000097 25
0.000167 2
0.000109 73
4.581403 28
0.005118 70
3.774792 1
0.125085 1
0.578803 1
0.235172 1
0.118242 1
0.114165 1
1.117872 1
0.517169 1
0.101141 1
0.577767 1
0.260435 1
0.666688 1
0.372733 2
0.085703 25
0.127712 1036
0.000508 1033
0.000337 510
2.078242 28
0.005649 70
3.101437 1
0.192914 1
0.342123 1
0.213787 1
1.292671 1
0.200528 1
0.255157 1
1.310226 1
0.183937 1
0.214102 1
0.692463 1
0.253760 1
0.353391 1
1.796616 2
0.065035 25
0.088827 131
0.000232 897
2.043263 28
0.078478 75
7.025254 1
0.243230 1
0.659040 1
0.133004 1
0.597222 1
0.918807 1
0.144646 1
0.244539 1
0.383325 1
0.389019 1
0.478169 1
2.861776 3
0.500701 3
0.030537 3
0.032852 3
0.034065 3
0.031017 3
0.029792 3
0.032299 3
0.032872 3
0.030770 3
0.030489 3
2.350526 2
0.000872 2
0.000640 70
1.459253 1
0.633090 1
0.426880 1
0.176278 1
0.154237 1
0.796192 1
0.686527 1
0.105292 1
0.393101 1
0.297748 1
1.553960 1
2.857819 2
0.117926 24
0.000385 132
0.069333 69
0.001243 305
0.000131 62
0.000136 38
0.000307 162
0.000083 208
0.000336 241
0.000081 59
0.000371 386
0.000483 352
0.000519 6
6.107514 82
0.054901 72
0.671397 20
0.000933 21
0.000858 175
0.000571 21
0.045419 193
0.000921 21
0.000891 21
0.000920 21
0.093467 21
0.001008 21
0.000837 21
0.000604 21
0.061282 21
0.001049 21
0.000869 21
0.001488 21
0.125688 84
0.334939 21
0.000981 21
0.001637 14
0.000342 14
0.000148 7
0.000665 7
0.020900 7
0.000206 156
0.000105 46
0.000090 42
0.000091 9
0.000112 62
0.000091 9
0.000367 38
0.000113 7
0.000084 7
0.000051 7
0.000084 193
0.000052 7
0.000068 7
0.000144 7
0.000087 189
0.000057 7
0.000224 7
0.000164 9
0.000142 62
0.000141 41
0.000145 80
0.000144 77
0.000197 210
0.000189 96
0.000064 80
0.000057 85
0.000139 62
0.000196 10
0.000064 81
0.000190 86
0.000151 68
0.000144 74
0.000062 68
0.000048 10
0.000055 87
0.000056 77
0.000049 22
0.000047 10
0.000057 83
0.000055 73
0.000054 83
0.000054 63
0.000047 10
0.000118 7
0.000115 156
0.000058 62
0.000048 9
0.000050 38
0.000047 9
0.000056 83
0.000054 80
0.000092 216
0.000048 10
0.000054 76
0.000054 80
0.000054 85
0.000051 62
0.000047 10
0.000053 81
0.000117 86
0.000085 10
0.000057 72
0.000055 76
0.000055 66
0.000048 10
0.000056 87
0.002372 79
0.000137 20
0.000091 10
0.000097 83
0.000107 75
0.000107 78
0.000263 61
0.000102 10
0.000096 87
0.000099 7
0.000660 7
0.014107 7
0.000737 209
0.000208 7
0.000142 7
0.000088 7
0.000145 156
0.000100 7
0.000123 7
0.000097 7
0.000234 185
0.000128 7
0.000143 7
0.000138 9
0.000100 83
0.000095 77
0.000175 208
0.000277 93
0.000224 80
0.000449 85
0.000524 62
0.000192 10
0.000131 81
0.000119 86
0.000296 68
0.000264 74
0.000125 68
0.000083 10
0.000591 87
0.000219 77
0.000099 22
0.000091 10
0.000094 83
0.001393 73
0.000451 83
0.000137 63
0.000094 10
0.000924 87
0.000166 74
0.000211 78
0.000148 78
0.000140 7
0.000182 156
0.000146 83
0.000142 80
0.000344 298
0.000203 79
0.000267 157
0.000274 177
0.000668 410
0.000278 168
0.000146 78
0.000088 61
0.000050 10
0.000057 87
0.000054 76
0.000055 76
0.000054 76
0.000056 74
0.000053 7
0.000366 7
0.044077 4095
0.000581 616
0.424552 4095
0.000233 180
0.001903 403
0.017054 4095
0.000395 570
0.009643 7
0.000215 232
0.000152 21
0.000300 163
0.000094 78
0.000180 78
0.000424 7
0.000390 218
0.000160 14
0.000354 235
0.000371 76
0.000315 580
0.001218 78
0.000393 110
0.000281 10
0.000218 150
0.000261 80
0.000235 150
0.000362 78
0.000108 82
0.000285 83
0.000045 66
0.000126 76
0.000356 87
0.000467 222
0.000393 74
0.000272 86
0.001469 78
0.000161 262
0.000304 71
0.000270 87
0.000255 152
0.000465 150
0.001270 46
0.000936 79
0.000568 74
0.000110 78
0.000255 68
0.000574 70
0.000462 10
0.000398 81
0.000091 87
0.000156 10
0.000204 229
0.000231 78
0.000220 91
0.000914 7
0.006202 7
0.000317 219
0.000236 170
0.000421 7
0.000122 7
0.000090 7
0.000281 240
0.000215 7
0.005799 4027
0.051163 2144
0.001930 2199
0.000405 7
0.000247 229
0.000109 74
0.000094 77
0.000089 60
0.000085 9
0.000105 86
0.000104 75
0.000107 75
0.000107 75
0.000225 74
0.000132 36
0.000098 10
0.000103 79
0.000101 74
0.000098 78
0.000101 68
0.000102 70
0.000203 10
0.000137 81
0.000116 87
0.000105 10
0.000111 87
0.000110 71
0.000111 71
0.000113 78
0.000178 84
0.000107 79
0.000083 22
0.000078 10
0.000094 75
0.000099 79
0.000260 75
0.000524 7
0.000160 7
0.000534 84
0.000045 7
0.000060 221
0.000039 77
0.000134 60
0.000067 9
0.000045 86
0.000056 75
0.000236 75
0.000180 75
0.000076 73
0.000078 36
0.000057 10
0.000067 79
0.000071 74
0.000076 78
0.000939 68
0.000465 70
0.000152 10
0.000312 81
0.000253 87
0.000058 10
0.000068 87
0.000120 71
0.000070 71
0.000064 78
0.000064 84
0.000062 79
0.000052 22
0.000049 10
0.000059 75
0.000061 79
0.000059 75
0.000062 84
0.000076 68
0.000050 7
0.000656 7
0.303642 4095
0.000331 872
0.000477 7
0.015143 7
0.000209 222
0.000116 21
0.000095 222
0.000098 7
0.000084 7
0.000219 7
0.000129 222
0.000094 7
0.000087 7
0.000093 117
0.000086 148
0.000152 217
0.000093 88
0.000104 82
0.000170 149
0.000106 76
0.000088 160
0.000262 108
0.000044 229
0.000238 172
0.000235 412
0.000086 42
0.000030 7
0.000191 264
0.000086 551
0.000167 158
0.000209 149
0.000106 270
0.000080 79
0.000083 159
0.000029 173
0.000201 235
0.000255 129
0.000103 17
0.000527 7
0.018253 626
0.000094 454
0.000123 385
0.000111 973
0.000084 462
0.000140 302
0.000086 401
0.000103 424
0.000136 956
0.000259 7
0.041116 7
0.000162 224
0.000203 67
0.000685 78
0.000274 564
0.000363 1373
0.000353 7
0.002355 4095
0.000166 741
0.082422 4095
0.000296 1013
0.312042 4095
0.000413 833
0.007109 4095
0.000162 784
0.014581 7
0.000246 225
0.000110 7
0.000138 7
0.000100 7
0.000134 221
0.000102 7
0.000126 7
0.000132 7
0.000129 230
0.000139 7
0.000130 7
0.000152 85
0.000060 85
0.000057 81
0.000108 76
0.000108 81
0.000111 83
0.000109 41
0.000051 10
0.000049 80
0.000108 80
0.000111 75
0.000168 80
0.000109 77
0.000106 74
0.000061 69
0.000089 15
0.000102 10
0.000112 89
0.000107 79
0.000109 90
0.000105 27
0.000049 10
0.000151 243
0.000111 83
0.000051 22
0.000133 10
0.000104 42
0.000099 10
0.000104 7
0.000116 317
0.000073 75
0.000108 76
0.000185 81
0.000054 86
0.000145 41
0.000070 9
0.000054 80
0.000054 80
0.000058 78
0.000056 80
0.000053 77
0.000053 74
0.000047 78
0.000047 15
0.000044 10
0.000056 86
0.000053 79
0.000052 93
0.000048 27
0.000046 10
0.000296 243
0.000041 76
0.000029 25
0.000028 10
0.000029 39
0.000027 10
0.000030 73
0.000031 7
0.000198 7
0.009398 7
0.000210 163
0.000078 7
0.000053 7
0.000140 232
0.000110 7
0.000131 7
0.000132 7
0.000135 222
0.000184 7
0.000152 7
0.000137 76
0.000115 81
0.000116 83
0.000164 41
0.000114 9
0.000142 79
0.000118 79
0.000121 74
0.000116 80
0.000115 77
0.000113 74
0.000113 69
0.000057 15
0.000105 10
0.000141 89
0.000111 79
0.000118 90
0.000109 27
0.000053 10
0.000154 243
0.000113 83
0.000109 22
0.000105 10
0.000110 42
0.000106 10
0.000113 73
0.000114 69
0.000115 42
0.000109 7
0.000141 223
0.000183 81
0.000113 86
0.000109 41
0.000191 9
0.000060 79
0.000050 79
0.000051 77
0.000054 79
0.000055 77
0.000113 74
0.000113 78
0.000143 15
0.000077 10
0.000057 86
0.000113 79
0.000116 93
0.000110 27
0.000107 10
0.000152 243
0.000060 76
0.000050 25
0.000049 10
0.000053 39
0.000108 10
0.000117 73
0.000116 72
0.000104 10
0.000108 39
0.000052 10
0.000052 7
0.000464 7
0.017350 7
0.000135 489
0.000125 14
0.000040 290
0.000118 308
0.000127 461
0.000298 858
0.000418 1466
0.000039 188
0.000278 7
0.272527 7
0.000480 247
0.000571 1097
0.000090 594
0.000089 335
0.000375 1807
0.000208 7
0.026564 7
0.000091 230
0.000067 14
0.000107 227
0.000074 107
0.000139 278
0.000025 9
0.000064 253
0.000027 220
0.000146 121
0.000035 178
0.000132 157
0.000034 236
0.000148 247
0.000206 608
0.000106 7
0.000028 7
0.000299 84
0.000191 295
0.000141 250
0.000035 310
0.000083 168
0.000180 172
0.000031 127
0.000148 317
0.000089 157
0.000108 207
0.000033 187
0.000134 156
0.000093 318
0.000294 7
0.004855 7
0.000121 163
0.000092 170
0.000088 239
0.000081 14
0.000144 170
0.000224 437
0.000036 232
0.000089 7
0.000086 127
0.000304 398
0.000144 285
0.000251 234
0.000382 508
0.000079 7
0.000079 274
0.000229 397
0.000295 305
0.000136 240
0.000235 444
0.000137 117
0.000294 7
0.012765 7
0.000170 371
0.000441 1080
0.000177 700
0.000154 600
0.000133 390
0.000298 703
0.000190 7
0.270174 184
0.000136 229
0.000448 1294
0.000077 223
0.000065 103
0.000020 35
0.000833 1008
0.030621 12
0.000146 24
0.000197 24
0.000036 6
0.000147 6
0.012181 24
0.000075 24
0.000081 18
0.000310 6
0.010420 13
0.000101 49
0.000069 14
0.000083 7
0.064180 7
0.000075 7
0.000022 7
0.000062 14
0.000019 7
0.000063 7
0.000344 208
0.000025 6
0.000115 43
0.000063 154
0.000105 76
0.000023 49
0.000200 319
0.000024 6
0.000135 6
0.566793 30
0.000037 24
0.000065 12
0.000115 6
0.023551 12
0.000097 18
0.000085 18
0.000087 19
0.000423 7
0.024356 151
0.257767 14
0.000228 21
0.000166 21
0.000143 14
0.000649 236
0.000459 435
0.000160 257
0.000408 394
0.000372 6
0.108577 6
0.000120 24
0.000115 6
0.000044 24
0.000105 6
0.001554 6
0.772974 72
0.055161 83
0.055826 84
0.972357 70
0.000162 14
0.053824 21
0.001231 21
0.000498 7
0.000115 7
0.000135 7
0.000096 7
0.000212 6
0.000728 6
0.049242 72
0.043275 72
0.433194 1101
0.025747 166
0.000602 99
0.000255 21
0.001003 21
0.002723 7
0.000111 6
0.000512 6
0.000824 6
0.000415 6
0.000157 6
0.000158 6
0.000060 6
0.000145 6
0.000148 6
0.000056 6
0.000245 6
0.020793 18
0.000540 18
0.000400 18
0.000449 18
0.014347 18
0.001167 886
0.001535 66
0.000578 75
0.063867 21
0.000589 21
0.000521 21
0.001148 19
0.267784 18
0.000711 18
0.000700 18
0.000612 18
0.013923 18
0.001747 18
0.001152 18
0.001258 18
0.013162 1625
0.000531 21
0.000576 21
0.000166 7
0.000064 7
0.000339 7
0.015490 84
0.025113 84
0.392428 77
0.000211 7
0.007568 84
0.012717 7
0.000175 7
0.000170 21
0.000791 7
0.000569 35
0.000740 7
0.005748 13
0.000060 12
0.000131 18
0.000126 12
0.000110 12
0.000472 6
0.023683 36
0.000630 36
0.028949 2682
0.001429 390
0.000682 543
0.000576 6
0.289725 2924
0.001245 616
0.001422 285
0.000219 111
0.001151 6
0.014117 3330
0.000341 227
0.000111 79
0.000673 388
0.000161 82
0.001108 6
0.010910 6
0.000231 224
0.000272 6
0.000180 6
0.000086 6
0.000144 223
0.000085 6
0.000117 6
0.000083 6
0.000396 223
0.000271 6
0.000755 6
0.000291 73
0.000103 77
0.000062 14
0.000058 9
0.000067 85
0.000066 78
0.000149 98
0.000107 32
0.000111 167
0.000065 76
0.000063 73
0.000059 22
0.000057 10
0.000274 42
0.000356 73
0.000191 69
0.000092 10
0.000161 39
0.000164 76
0.000101 15
0.000088 10
0.000107 80
0.000105 82
0.000100 68
0.000086 10
0.000103 81
0.000173 78
0.000195 6
0.000261 226
0.000157 76
0.000136 76
0.000129 77
0.000250 11
0.000585 9
0.001152 6
0.000300 6
0.000100 6
0.000156 224
0.000090 6
0.000125 6
0.000083 6
0.000142 226
0.000194 6
0.000166 6
0.000964 6
0.000249 226
0.000117 6
0.000160 6
0.000180 79
0.000321 77
0.000152 73
0.000120 73
0.000117 73
0.000123 80
0.000120 14
0.000280 9
0.000168 86
0.000138 89
0.000127 100
0.000102 24
0.000099 10
0.000303 230
0.000126 73
0.000094 25
0.000093 10
0.000095 39
0.000083 10
0.000095 73
0.000106 72
0.000091 10
0.000181 39
0.000120 10
0.000104 76
0.000090 15
0.000107 77
0.000103 81
0.000101 6
0.000145 156
0.000176 79
0.000164 79
0.000106 77
0.000623 79
0.000248 76
0.000276 76
0.000131 77
0.000165 11
0.000344 10
0.000466 89
0.000091 79
0.000356 90
0.000115 24
0.000114 177
0.000063 76
0.000062 73
0.000057 22
0.000054 10
0.000058 39
0.000054 10
0.000061 73
0.000061 69
0.000163 10
0.000758 39
0.000149 10
0.000311 76
0.000129 12
0.000089 10
0.000104 80
0.000102 6
0.001004 6
0.000551 6
0.000316 185
0.000742 6
0.000186 6
0.000274 6
0.000306 230
0.000236 6
0.000181 6
0.000224 6
0.000188 228
0.000294 6
0.000283 6
0.000306 83
0.000238 41
0.000277 9
0.000241 79
0.000432 79
0.000701 77
0.000320 73
0.000369 73
0.000282 74
0.000290 78
0.000337 15
0.000262 10
0.000285 86
0.000354 79
0.000312 100
0.000269 34
0.000492 167
0.000278 76
0.000153 73
0.000119 22
0.000114 10
0.000140 42
0.000346 73
0.000149 69
0.000102 10
0.000121 39
0.000128 76
0.000146 6
0.000377 226
0.000182 81
0.000161 83
0.000136 38
0.000128 9
0.000283 79
0.000478 79
0.000164 77
0.000254 79
0.000197 77
0.000145 77
0.000147 78
0.000566 12
0.000148 10
0.000351 89
0.000116 79
0.000111 90
0.000169 24
0.000558 177
0.000802 76
0.000338 73
0.000351 22
0.000273 10
0.000333 39
0.000369 10
0.000142 73
0.000068 69
0.000769 10
0.000582 39
0.000439 10
0.000172 6
0.000699 6
0.002390 6
0.000450 222
0.000150 6
0.000459 6
0.000244 6
0.000701 232
0.000503 6
0.000274 6
0.000158 6
0.000185 156
0.000256 6
0.000086 6
0.000088 85
0.000210 75
0.000162 76
0.000162 81
0.000163 83
0.000160 41
0.000153 9
0.000176 79
0.000164 80
0.000161 78
0.000161 74
0.000164 74
0.000159 74
0.000205 78
0.000154 15
0.000065 10
0.000192 86
0.000162 79
0.000167 100
0.000226 34
0.000122 167
0.000197 76
0.000240 73
0.000293 22
0.000380 10
0.000443 42
0.000413 73
0.000248 69
0.000237 6
0.000398 223
0.000394 85
0.000287 75
0.000241 79
0.000317 81
0.000238 83
0.000235 38
0.000277 9
0.000258 80
0.000239 80
0.000258 78
0.000346 80
0.000245 77
0.000238 77
0.000241 78
0.000278 12
0.000220 10
0.000279 89
0.000232 79
0.000215 90
0.000228 24
0.000312 177
0.000240 76
0.000283 73
0.000227 22
0.000215 10
0.000227 39
0.000280 10
0.000236 73
0.000225 6
0.000827 6
0.047097 4095
0.000483 783
0.232975 2215
0.004099 4095
0.000400 501
0.010916 6
0.007275 4095
0.000528 1044
0.010057 6
0.001092 319
0.001046 73
0.000441 6
0.002276 239
0.000253 12
0.000149 230
0.000396 6
0.000370 178
0.000384 302
0.000213 77
0.000345 37
0.000185 167
0.000283 75
0.000394 175
0.003090 1182
0.001928 323
0.000118 73
0.000191 77
0.000251 156
0.000141 24
0.000311 85
0.000279 156
0.000280 95
0.000336 173
0.000085 76
0.000193 162
0.000344 84
0.000370 39
0.000424 10
0.000103 80
0.000306 80
0.001117 390
0.000680 12
0.000358 6
0.001006 6
0.002266 6
0.000466 224
0.000342 12
0.000341 211
0.001438 245
0.001007 6
0.001258 138
0.001971 6
0.000680 218
0.000123 6
0.000817 12
0.000191 225
0.000461 6
0.000531 6
0.000422 6
0.000465 162
0.000289 12
0.000341 190
0.000343 6
0.000279 9
0.000240 230
0.000417 67
0.000230 155
0.000370 85
0.000151 244
0.000324 83
0.000612 177
0.000492 34
0.000358 75
0.000119 245
0.000292 279
0.000117 82
0.000273 84
0.000147 138
0.000456 220
0.000333 46
0.000275 78
0.000279 209
0.000379 71
0.000178 9
0.010971 175
0.000099 386
0.000261 436
0.000156 173
0.000323 322
0.000077 55
0.000726 6
0.283279 3576
0.001501 137
0.000784 338
0.000234 74
0.000788 344
0.000655 338
0.000752 248
0.001873 6
0.011679 6
0.000341 162
0.000432 12
0.000403 215
0.000285 12
0.000451 236
0.000486 152
0.000878 420
0.000891 152
0.000659 140
0.000756 156
0.001520 97
0.000119 68
0.001328 998
0.001099 807
0.005250 1233
0.001980 6
0.000433 235
0.000227 12
0.000383 162
0.000242 180
0.000161 6
0.000225 15
0.000283 79
0.000105 77
0.000224 79
0.000268 152
0.000221 227
0.000314 76
0.000571 273
0.000244 306
0.000345 87
0.001775 68
0.008624 4095
0.000348 961
0.013329 4095
0.000284 548
0.034128 2936
0.000640 85
0.000309 9
0.000608 71
0.000358 73
0.006819 68
0.000240 10
0.000299 87
0.000082 77
0.000060 22
0.000056 10
0.000067 83
0.000068 76
0.000071 78
0.000063 63
0.000056 10
0.000067 87
0.000066 74
0.000064 76
0.000202 79
0.000067 74
0.000059 38
0.000056 10
0.000066 79
0.000081 72
0.000065 75
0.000622 65
0.000279 72
0.000105 10
0.000099 6
0.001554 6
0.322674 2908
0.001781 1649
0.001054 6
0.009757 6
0.003722 2503
0.001434 230
0.000481 41
0.000522 239
0.000492 86
0.000498 292
0.000458 167
0.000565 147
0.000480 168
0.000455 316
0.000479 115
0.000520 154
0.000517 160
0.000494 150
0.000449 153
0.000545 6
0.007551 6
0.003441 6
0.000662 191
0.000586 12
0.000673 174
0.001150 221
0.001022 592
0.001570 162
0.000377 6
0.000393 55
0.000770 181
0.000642 83
0.000200 81
0.001167 221
0.003554 76
0.001598 606
0.001866 16
0.000939 223
0.000920 12
0.003029 176
0.000889 7
0.000828 7
0.005755 21
0.000810 618
0.003262 277
0.000654 311
0.000703 241
0.000480 190
0.000472 17
0.000270 7
0.001028 7
0.002111 14
0.000678 21
0.000523 21
0.000546 14
0.000402 7
0.001231 7
0.029855 77
0.000086 7
0.875375 75
0.001698 70
5.088478 1
0.101387 1
0.696598 1
0.170143 1
1.030449 1
0.128284 1
0.313460 1
1.127517 1
0.227721 1
0.219629 1
0.793397 1
0.484691 1
0.278789 1
1.007104 2
0.291270 98
0.002866 70
11.187509 6
