0.049679 70
1.574370 1
0.138277 1
0.790342 1
0.106045 1
0.257866 1
0.495703 1
3.281942 1
0.253072 1
0.678815 1
0.090152 1
0.161846 1
0.512272 1
0.139524 1
0.752440 1
0.102726 1
1.385513 2
0.113009 7
0.000239 39
0.000352 13
0.000147 2
0.001534 70
8.077958 1
0.644357 5
0.015747 15
0.497870 1
0.152768 1
0.151073 1
0.157971 1
0.149635 1
0.167213 1
0.163796 1
0.162206 1
1.218264 21
1.046443 17
1.010559 2
0.004408 70
2.037282 1
0.069691 1
0.413006 1
1.298186 1
1.431891 1
0.714546 9
1.642856 92
2.455003 1
0.176690 1
0.332792 1
0.366055 119
2.676631 1
0.085896 1
0.955468 72
2.446176 1
0.148401 1
0.282766 1
0.421180 89
7.199952 1
0.106735 1
0.509272 1
0.864663 1
0.786796 1
4.713245 1
0.090091 1
0.199993 1
0.814189 1
0.107857 1
0.892129 1
0.089323 1
0.792412 92
3.151438 1
0.233016 1
0.834848 1
2.272846 1
1.240187 1
0.538545 1
0.197789 1
0.599380 1
0.171405 1
1.484550 4
0.362872 4
0.185619 4
0.183442 4
0.177208 4
0.664711 119
7.945651 6
